30.0000000000000000 0.3240997888343583 0.1117209275825865 0.3709191553281078 0.1229250492076085
30.0000000000000000 0.2319310328489097 0.0848107665655609 0.3349607115425481 0.1065641745568454
30.0000000000000000 0.1711834745603127 0.0651288145823855 0.3110435903907538 0.0935068643951397
30.0000000000000000 0.1274861509982785 0.0500718133700944 0.2870896589292835 0.0835446362450189
30.0000000000000000 0.0946214590407721 0.0382162491608246 0.2656506063238169 0.0759259282300887
30.0000000000000000 0.0733297879756063 0.0290782902606140 0.2479872105993621 0.0717135559739626
30.0000000000000000 0.0589844580357992 0.0218753049353153 0.2343237214867822 0.0688860192698521
30.0000000000000000 0.0458663615934869 0.0163566024539010 0.2243851656763933 0.0673584437592113
30.0000000000000000 0.0346559750239530 0.0123504698451286 0.2175547983940609 0.0664421059155989
30.0000000000000000 0.0257388602384792 0.0092435909790359 0.2131359973351836 0.0657822125605112
30.0000000000000000 0.0188778559102354 0.0067867070168439 0.2104986068672439 0.0653210583638979
30.0000000000000000 0.0140793661773739 0.0048996195275831 0.2091021670409159 0.0650141668803491
30.0000000000000000 0.0102132577726661 0.0034909573390482 0.2085093971333958 0.0648204655134678
30.0000000000000000 0.0074127615380588 0.0024872625060947 0.2083920919612794 0.0647081831396842
30.0000000000000000 0.0058415063183128 0.0018014331905452 0.2085230497328840 0.0646486230507403
30.0000000000000000 0.0047395084491271 0.0013507021656068 0.2087576069230286 0.0646143782887951
30.0000000000000000 0.0038808322089565 0.0010267384379247 0.2090120543655249 0.0645933468785275
30.0000000000000000 0.0031991414879076 0.0007940556797311 0.2092440308360448 0.0645784311549668
