20.0000000000000000 0.1182776491819624 0.0702557886726936 0.3770702899231448 0.1218369420045990
20.0000000000000000 0.0924588313172485 0.0502969578429521 0.3585448614987161 0.1159703949127734
20.0000000000000000 0.0722909170520225 0.0355818992089442 0.3451404935986506 0.1122900855312688
20.0000000000000000 0.0565007207242623 0.0247841523577506 0.3354637875452280 0.1095745438824852
20.0000000000000000 0.0440954262115518 0.0174571298225170 0.3285266313426103 0.1075881787549848
20.0000000000000000 0.0343082180504588 0.0125217842341387 0.3236138284917267 0.1061563152335477
20.0000000000000000 0.0265634245137250 0.0093339167596914 0.3202088465640269 0.1051481794511252
20.0000000000000000 0.0210774548582080 0.0072033655477283 0.3179341979603230 0.1044668583055608
20.0000000000000000 0.0168536553606415 0.0055906139687839 0.3165077580346054 0.1040365231331125
20.0000000000000000 0.0135982213645782 0.0045376143601397 0.3157057986845118 0.1037966849093361
20.0000000000000000 0.0110852976670621 0.0038640917615322 0.3153552765220411 0.1036996792268220
20.0000000000000000 0.0091386939095131 0.0033910463217842 0.3153224519695002 0.1037084014415225
